Overall accuracy: 0.9999

              precision    recall  f1-score   support

           A       1.00      1.00      1.00       487
           B       1.00      1.00      1.00       471
           C       1.00      1.00      1.00       445
           D       1.00      1.00      1.00       486
           E       1.00      1.00      1.00       424
           F       1.00      1.00      1.00       479
           G       1.00      1.00      1.00       472
           H       1.00      1.00      1.00       454
           I       1.00      1.00      1.00       443
           J       1.00      1.00      1.00       479
           K       1.00      1.00      1.00       423
           L       1.00      1.00      1.00       453
           M       1.00      1.00      1.00       453
           N       1.00      1.00      1.00       392
           O       1.00      1.00      1.00       448
           P       1.00      1.00      1.00       472
           Q       1.00      1.00      1.00       470
           R       1.00      1.00      1.00       390
           S       1.00      1.00      1.00       488
           T       1.00      1.00      1.00       417
           U       1.00      1.00      1.00       456
           V       1.00      1.00      1.00       421
           W       1.00      1.00      1.00       436
           X       1.00      1.00      1.00       435
           Y       1.00      1.00      1.00       448
           Z       1.00      1.00      1.00       470
         del       1.00      1.00      1.00       448
     nothing       1.00      1.00      1.00       456
       space       1.00      1.00      1.00       434

    accuracy                           1.00     13050
   macro avg       1.00      1.00      1.00     13050
weighted avg       1.00      1.00      1.00     13050
